1	// K
75
25
9
2
1	// I
73
25
9
2
1	// N
78
25
9
2
1	// G
71
25
9
2
1	// SPACE
32
25
9
2
1	// K
75
25
9
2
1	// .
46
25
9
2
1	// SPACE
32
25
9
2
1	// R
82
25
9
2
1	// O
79
25
9
2
1	// O
79
25
9
2
1	// L
76
25
9
2
1
13
9
2
1
10
9
2
1
0
10
9
1
1 
32
9
2
1
67
9
2
1
72
9
2
1
65
9
2
1
82
9
2
1
65
9
2
1
67
9
2
1
84
9
2
1
69
9
2
1
82
9
2
1
83
9
2
1
32
9
2
1
73
9
2
1
78
9
2
1
32
9
2
1
84
9
2
1
72
9
2
1
73
9
2
1
83
9
2
1
32
9
2
1
83
9
2
1
69
9
2
1
78
9
2
1
84
9
2
1
69
9
2
1
78
9
2
1
67
9
2
1
69
9
2
1
46
9
2
50